1080p,150
Mandelbrot
center (re): -1.94054373623215573437504466725706905572060698207248697963679543918920949431073014640773341
center (im): 0.000000002091583587148330331252585787026576798975216280532954902791741054871309634912096911407708432761864969506859123097640956248999989999899998999990000138399999999
magnification: 2317310028399220.5
max iterations: 5000
bailout2: 100

"Layer 1"0--1[1](#([1][1][1][1],0)([0.28517112][0.54895437][0.6772814][1],0.25)([0][0][0][1],0.5)([0.5774715][0.17110267][0.34220535][1],0.75)([1][1][1][1],1)#1[0.153173][0.47053233])
"Layer 4"1-0(0,0)3[]-0[1](#([0.9909696][1][1][1],0)([0.49192017][0.014258555][0.20674905][1],0.46180555)#0[0.5][0])
1
ts
Mandelbrot
center (re): -1.94054373623215573437504466725706905572060698207248697963679543918920949431073014640773341
center (im): 0.000000002091583587148330331252585787026576798975216280532954902791741054871309634912096911407708432761864969506859123097640956248999989999899998999990000138399999999
magnification: 1
max iterations: 5000
bailout2: 100

"Layer 1"0--1[1](#([1][1][1][1],0)([0.28517112][0.54895437][0.6772814][1],0.25)([0][0][0][1],0.5)([0.5774715][0.17110267][0.34220535][1],0.75)([1][1][1][1],1)#1[0.03][1])
"Layer 4"1-0(0,0)3[]-0[1](#([0.9909696][1][1][1],0)([0.49192017][0.014258555][0.20674905][1],0.46180555)#0[0.5][0])
0
ts
3451