Mandelbrot
center (re): -1.940543736232143652660494763348602909138086658721363835751464623669028075401256809909538575
center (im): 0.0000000020915880691293669900104119646801925386432465163763336381422084227085779192594709036123745704571774695068591230976409562489999899998999989999900001384
magnification: 10916273219286.611
max iterations: 5000
bailout2: 100

"Layer 1"0--1[1](#([1][1][1][1],0)([0.28517112][0.54895437][0.6772814][1],0.25)([0][0][0][1],0.5)([0.5774715][0.17110267][0.34220535][1],0.75)([1][1][1][1],1)#1[0.153173][0.8412548])
"Layer 4"2--1[1](#([0][0][0][1],1)([1][1][1][1],0)([1][1][0.9695818][1],0.4409722)#1[0.045][0.69153994])
"Layer 2"3--1[1](#([0][0][0][1],0)([1][1][1][1],1)#1[1][0])
"Layer 5"1-0(0,0)3[]-0[1](#([0.9909696][1][1][1],0)([0.5346958][0][0.31368822][1],0.46180555)#0[0.5][0.15684411])
"Layer 5"4-2(0,0)0[0.3]-1[0.3768904](#([0][0][0][1],0.4375)([1][1][1][1],1)#0[0.001][0])
"Layer 6"4-2(0,0)0[20]-1[1](#([0][0][0][1],0)([1][1][1][1],1)#0[1][0])
1964