Mandelbrot
center (re): -1.748940799494654259035839407177439050254329812993135341924609145188940304699309891134362260345369
center (im): 0.000006379260118748496982741854970611032792963605243126095704120677501521328523273468569243505044141784310340881346999989730799999
magnification: 1975993255.7129273
max iterations: 5000
bailout2: 100

"Layer 1"0--1[1](#([1][1][1][1],0)([1][0.17823194][0.64876425][1],0.25)([0][0][0][1],0.5)([1][0.65589356][0.34220535][1],0.75)([1][1][1][1],1)#1[0.153173][0.3921103])
"Layer 4"2--1[1](#([0][0][0][1],1)([1][1][1][1],0)([1][1][0.9695818][1],0.26041666)#1[0.04277567][0.384981])
"Layer 2"3--1[1](#([0][0][0][1],0)([1][1][1][1],1)#1[1][0])
"Layer 5"1-0(0,0)3[]-0[1](#([0.9909696][1][1][1],0)([0.5346958][0][0.31368822][1],0.46180555)#0[0.5][0.15684411])
"Layer 5"4-2(0,0)0[0.3]-1[0.3768904](#([0][0][0][1],0.4375)([1][1][1][1],1)#1[0.01][0])
1796