Mandelbrot
center (re): -1.940543736232155734375044667257069055720606982072486979636795439189209494310730146407733415
center (im): 0.0000000020915835871483303312525857870265767989752162805329549027917410548713096349120969114077084327618649695068591230976409562489999899998999989999900001384
magnification: 2317310028399220.5
max iterations: 5000
bailout2: 100

"Layer 1"0--1[1](#([1][1][1][1],0)([0.28517112][0.54895437][0.6772814][1],0.25)([0][0][0][1],0.5)([0.5774715][0.17110267][0.34220535][1],0.75)([1][1][1][1],1)#1[0.153173][0.47053233])
"Layer 4"2--1[0](#([0][0][0][1],1)([1][1][1][1],0)([1][1][0.9695818][1],0.4409722)#1[0.43488595][0.7842206])
"Layer 2"3--1[0](#([0][0][0][1],0)([1][1][1][1],1)#1[1][0])
"Layer 5"1-0(0,0)3[]-0[1](#([0.9909696][1][1][1],0)([0.49192017][0.014258555][0.20674905][1],0.46180555)#0[0.5][0])
"Layer 5"4-2(0,0)0[0.08]-1[0.36179176](#([0][0][0][1],0.4375)([1][1][1][1],1)#0[0.001][0.46340305])
1993