Mandelbrot
center (re): -1.7489407993907133106855810754110540608357635785570006925909822569465090433916705837144416058
center (im): 0.00000637981900983480046298805188332274399566926002455441601203827066000796891420657913109037995269545717746950685912309764095624899998999989999899999
magnification: 1022013716422719300000
max iterations: 5000
bailout2: 100

"Layer 1"0--1[1](#([1][1][1][1],0)([0.45627376][0.9054183][0.6131179][1],0.25)([0][0][0][1],0.5)([1][0.65589356][0.34220535][1],0.75)([1][1][1][1],1)#1[0.153173][0.8412548])
"Layer 4"2--1[1](#([0][0][0][1],1)([1][1][1][1],0)([1][1][0.9695818][1],0.4409722)#1[0.045][0.69153994])
"Layer 2"3--1[1](#([0][0][0][1],0)([1][1][1][1],1)#1[1][0])
"Layer 5"1-0(0,0)3[]-0[1](#([0.9909696][1][1][1],0)([0.5346958][0][0.31368822][1],0.46180555)#0[0.5][0.15684411])
"Layer 5"4-2(0,0)0[0.3]-1[0.36179176](#([0][0][0][1],0.4375)([1][1][1][1],1)#0[0.001][0])
"Layer 6"4-2(0,0)0[20]-1[1](#([0][0][0][1],0)([1][1][1][1],1)#0[1][0])
1940