Mandelbrot
center (re): -1.748940799390598737658157787834650551805926216277230521206711479573805760127919981016322847899
center (im): 0.000006379819531272263385535457019669068762737307820985488258713632575472270189816028501672562356361595448106527327834950668299998999989999899999
magnification: 6483239549970.685
max iterations: 5000
bailout2: 100

"Layer 1"0--1[1](#([1][1][1][1],0)([1][0.17823194][0.64876425][1],0.25)([0][0][0][1],0.5)([1][0.65589356][0.34220535][1],0.75)([1][1][1][1],1)#1[0.153173][0.8412548])
"Layer 4"2--1[0.99593425](#([0][0][0][1],1)([1][1][1][1],0)([1][1][0.9695818][1],0.26041666)#1[0.04277567][0.49904945])
"Layer 2"3--1[1](#([0][0][0][1],0)([1][1][1][1],1)#1[1][0])
"Layer 5"1-0(0,0)3[]-0[1](#([0.9909696][1][1][1],0)([0.5346958][0][0.31368822][1],0.46180555)#0[0.5][0.15684411])
"Layer 5"4-2(0,0)0[0.3]-1[0.3768904](#([0][0][0][1],0.4375)([1][1][1][1],1)#0[0.001][0])
2040