Mandelbrot
center (re): -1.966763653422138091
center (im): -0.00000000000122702942387540014
magnification: 14293386725.043215
max iterations: 5000
bailout2: 100

"Layer"0--1[1](#([1][1][1][1],0)([1][0.17823194][0.64876425][1],0.25)([0][0][0][1],0.5)([1][0.65589356][0.34220535][1],0.75)([1][1][1][1],1)#1[0.1598615][0.769962])
"Layer"2--1[1](#([1][1][1][1],0)([1][1][0.96958184][1],0.26041666)([0][0][0][1],1)#1[0.04277567][0.49904945])
"Layer"3--1[1](#([0][0][0][1],0)([1][1][1][1],1)#1[1][0])
"Layer"1-0(0,0)3[]-0[1](#([0.99096966][1][1][1],0)([0.5346958][0][0.31368822][1],0.46180558)#0[0.5][0.15684411])
"Layer"4-2(0,0)0[0.3]-1[0.36179176](#([0][0][0][1],0.4375)([1][1][1][1],1)#0[0.001][0])
953